transfert size : 20.0000000000 MB, iterations : 15, max bandwidths : arange(5, 101 ,5)
max_bw iter total_transfert time goodput
5 0 34.71 19.7 4.77
5 1 35.20 19.8 4.71
5 2 35.26 19.7 4.70
5 3 41.07 19.8 4.04
5 4 35.47 19.8 4.67
5 5 39.64 19.8 4.18
5 6 36.70 19.8 4.52
5 7 35.26 19.7 4.70
5 8 34.72 19.7 4.77
5 9 37.45 19.7 4.42
5 10 34.70 19.7 4.77
5 11 34.68 19.7 4.78
5 12 36.68 19.8 4.52
5 13 40.29 19.8 4.12
5 14 39.22 19.8 4.23
10 0 19.02 19.5 8.62
10 1 18.58 19.5 8.83
10 2 17.22 19.5 9.51
10 3 18.04 19.5 9.08
10 4 18.42 19.5 8.90
10 5 19.29 19.5 8.50
10 6 17.39 19.7 9.52
10 7 17.19 19.5 9.54
10 8 18.00 19.5 9.10
10 9 17.36 19.7 9.53
10 10 17.88 19.5 9.16
10 11 18.58 19.5 8.82
10 12 17.50 19.5 9.37
10 13 17.21 19.5 9.53
10 14 17.25 19.5 9.50
15 0 12.48 19.6 13.2
15 1 11.58 19.5 14.1
15 2 16.10 19.5 10.2
15 3 12.68 19.6 12.9
15 4 11.63 19.6 14.1
15 5 11.85 19.5 13.8
15 6 12.27 19.5 13.4
15 7 12.23 19.6 13.4
15 8 13.24 19.6 12.4
15 9 14.50 19.6 11.3
15 10 12.12 19.5 13.5
15 11 12.81 19.6 12.8
15 12 12.73 19.5 12.9
15 13 14.24 19.7 11.6
15 14 12.26 19.5 13.4
20 0 11.05 19.5 14.8
20 1 9.29 19.5 17.7
20 2 8.82 19.5 18.6
20 3 8.79 19.5 18.6
20 4 9.67 19.5 17.0
20 5 8.86 19.6 18.5
20 6 8.68 19.3 18.6
20 7 9.10 19.6 18.0
20 8 8.69 19.3 18.6
20 9 8.70 19.3 18.6
20 10 9.21 19.5 17.8
20 11 11.31 19.5 14.5
20 12 8.72 19.3 18.6
20 13 9.25 19.5 17.7
20 14 8.66 19.3 18.7
25 0 7.54 19.3 21.5
25 1 9.61 19.3 16.8
25 2 7.17 19.6 23.0
25 3 7.16 19.3 22.6
25 4 7.50 19.3 21.5
25 5 7.72 19.3 20.9
25 6 7.83 19.3 20.6
25 7 7.07 19.6 23.3
25 8 6.96 19.3 23.2
25 9 8.03 19.3 20.1
25 10 7.01 19.3 23.1
25 11 6.99 19.3 23.1
25 12 6.91 19.3 23.4
25 13 7.00 19.3 23.1
25 14 7.39 19.3 21.9
30 0 5.88 19.2 27.4
30 1 7.09 19.3 22.8
30 2 6.27 19.8 26.4
30 3 6.25 19.3 25.9
30 4 5.96 19.2 27.0
30 5 6.02 19.1 26.6
30 6 5.89 19.2 27.4
30 7 6.14 19.6 26.8
30 8 6.33 19.3 25.5
30 9 6.32 19.3 25.6
30 10 6.67 19.3 24.2
30 11 5.87 19.2 27.4
30 12 7.08 19.3 22.8
30 13 6.81 19.3 23.8
30 14 5.87 19.3 27.5
35 0 6.26 19.1 25.6
35 1 5.10 19.1 31.4
35 2 5.21 19.1 30.8
35 3 5.57 19.8 29.8
35 4 5.79 19.3 28.0
35 5 5.76 19.3 28.1
35 6 5.36 19.6 30.7
35 7 5.53 19.8 30.1
35 8 5.29 19.8 31.4
35 9 5.41 19.8 30.7
35 10 5.14 19.3 31.4
35 11 5.30 19.6 31.1
35 12 5.58 19.3 29.0
35 13 5.06 19.1 31.7
35 14 5.53 19.8 30.0
40 0 4.42 18.8 35.7
40 1 4.54 19.1 35.3
40 2 4.75 19.8 34.9
40 3 4.89 19.6 33.6
40 4 6.15 19.6 26.7
40 5 5.08 19.6 32.4
40 6 6.08 19.7 27.2
40 7 5.02 19.7 32.9
40 8 4.85 19.8 34.2
40 9 6.07 19.6 27.1
40 10 5.86 19.7 28.1
40 11 5.73 19.6 28.6
40 12 5.33 19.8 31.2
40 13 5.71 19.6 28.9
40 14 4.52 19.1 35.4
45 0 4.64 19.6 35.4
45 1 4.70 19.7 35.2
45 2 4.28 19.7 38.7
45 3 5.55 19.5 29.4
45 4 4.57 19.6 36.0
45 5 4.50 19.7 36.6
45 6 4.49 19.6 36.7
45 7 4.33 19.6 38.0
45 8 4.32 19.8 38.4
45 9 4.62 19.7 35.7
45 10 4.49 19.7 36.7
45 11 5.16 19.7 32.1
45 12 4.17 19.6 39.5
45 13 4.10 19.2 39.3
45 14 4.85 19.6 33.9
50 0 3.85 19.7 42.8
50 1 5.51 19.7 30.0
50 2 4.32 19.3 37.5
50 3 4.09 19.7 40.5
50 4 3.52 18.6 44.4
50 5 4.01 19.6 41.1
50 6 4.48 19.6 36.7
50 7 4.69 19.7 35.2
50 8 4.01 19.3 40.3
50 9 4.03 19.3 40.2
50 10 3.92 19.7 42.1
50 11 3.88 19.7 42.6
50 12 4.07 19.6 40.5
50 13 4.37 19.6 37.6
50 14 4.37 19.7 37.8
55 0 3.58 19.6 45.9
55 1 3.70 19.7 44.7
55 2 4.13 19.7 40.0
55 3 3.73 19.5 43.9
55 4 4.25 19.6 38.6
55 5 3.89 19.3 41.5
55 6 3.70 19.6 44.5
55 7 3.89 19.6 42.3
55 8 3.95 19.4 41.3
55 9 3.79 19.5 43.2
55 10 3.68 19.6 44.8
55 11 3.67 19.5 44.6
55 12 3.89 19.6 42.2
55 13 3.54 19.6 46.4
55 14 4.00 19.5 40.8
60 0 3.63 19.5 45.0
60 1 4.02 19.6 41.0
60 2 3.23 19.7 51.1
60 3 3.56 19.7 46.4
60 4 3.76 19.6 43.7
60 5 3.67 19.6 44.8
60 6 3.14 19.6 52.5
60 7 3.51 19.6 46.8
60 8 3.28 19.7 50.3
60 9 4.00 19.4 40.7
60 10 4.32 19.3 37.4
60 11 3.61 19.5 45.3
60 12 3.61 19.4 45.1
60 13 3.41 19.4 47.7
60 14 3.93 19.2 41.1
65 0 3.34 19.3 48.4
65 1 3.75 19.5 43.5
65 2 3.20 19.5 51.3
65 3 3.39 19.1 47.3
65 4 3.50 19.3 46.2
65 5 3.06 19.6 53.8
65 6 3.58 19.4 45.5
65 7 3.27 19.6 50.2
65 8 3.25 19.0 49.1
65 9 2.99 19.7 55.2
65 10 3.47 19.7 47.7
65 11 3.14 19.7 52.5
65 12 3.41 19.6 48.1
65 13 3.63 19.3 44.6
65 14 3.74 19.3 43.4
70 0 2.91 19.6 56.6
70 1 3.02 19.6 54.3
70 2 3.03 19.7 54.5
70 3 2.95 19.4 55.2
70 4 2.87 19.6 57.2
70 5 2.84 19.4 57.2
70 6 3.22 19.6 51.1
70 7 3.54 18.9 44.7
70 8 2.76 19.5 59.2
70 9 2.76 19.5 59.2
70 10 2.91 19.4 55.9
70 11 3.72 19.4 43.8
70 12 2.95 19.5 55.5
70 13 3.13 19.3 51.7
70 14 2.87 19.0 55.5
75 0 2.64 19.6 62.3
75 1 2.62 19.2 61.4
75 2 2.59 19.6 63.6
75 3 3.67 19.3 44.2
75 4 2.69 19.6 61.3
75 5 2.78 19.4 58.5
75 6 3.39 19.4 48.0
75 7 2.72 19.5 60.3
75 8 2.71 19.5 60.3
75 9 2.61 19.3 62.0
75 10 2.70 19.4 60.1
75 11 2.76 19.5 59.3
75 12 2.73 19.6 60.2
75 13 2.72 19.3 59.7
75 14 2.61 19.6 63.1
80 0 2.55 19.5 64.1
80 1 2.44 19.4 66.5
80 2 2.50 19.5 65.4
80 3 2.50 19.5 65.4
80 4 2.78 19.4 58.6
80 5 2.78 19.5 58.8
80 6 3.02 19.3 53.6
80 7 3.35 18.5 46.4
80 8 2.53 19.4 64.4
80 9 2.51 19.6 65.3
80 10 3.37 19.3 48.1
80 11 2.56 19.4 63.8
80 12 2.63 19.4 61.8
80 13 2.50 19.6 65.6
80 14 3.62 19.0 44.1
85 0 3.57 19.6 46.0
85 1 2.21 19.5 74.2
85 2 2.42 19.3 67.0
85 3 2.33 19.5 70.2
85 4 2.55 19.4 64.0
85 5 2.42 19.5 67.7
85 6 2.25 19.5 72.6
85 7 2.60 19.6 63.1
85 8 2.46 19.4 66.2
85 9 3.14 19.3 51.5
85 10 2.80 19.3 57.9
85 11 2.84 19.4 57.2
85 12 2.87 19.4 56.7
85 13 2.69 19.4 60.6
85 14 3.10 19.5 52.8
90 0 2.34 19.3 69.3
90 1 2.70 19.4 60.1
90 2 2.33 19.4 69.9
90 3 2.26 19.3 71.4
90 4 2.41 19.4 67.6
90 5 2.27 19.4 71.6
90 6 2.92 19.3 55.4
90 7 2.65 19.5 61.8
90 8 2.26 19.6 72.6
90 9 2.20 19.5 74.0
90 10 2.39 19.4 68.3
90 11 2.54 19.5 64.5
90 12 2.85 19.4 57.2
90 13 2.36 19.6 69.6
90 14 2.57 19.4 63.3
95 0 2.12 19.4 76.7
95 1 2.39 19.2 67.3
95 2 2.29 19.4 70.8
95 3 2.32 19.6 70.6
95 4 2.17 19.5 75.4
95 5 2.12 19.3 76.6
95 6 2.29 19.5 71.4
95 7 2.02 19.5 81.1
95 8 2.20 19.5 74.6
95 9 2.22 19.5 73.6
95 10 2.40 19.4 67.7
95 11 2.16 19.3 75.1
95 12 2.85 19.4 57.1
95 13 2.41 19.3 67.1
95 14 2.18 19.3 74.3
100 0 2.19 19.4 74.6
100 1 1.94 19.5 84.3
100 2 1.99 19.4 81.8
100 3 2.35 19.2 68.4
100 4 2.07 19.5 79.1
100 5 2.08 19.4 78.1
100 6 2.53 19.0 63.0
100 7 1.92 19.5 85.0
100 8 1.96 19.3 82.5
100 9 1.94 19.4 83.7
100 10 2.28 19.1 70.2
100 11 2.09 19.6 78.3
100 12 2.38 19.4 68.2
100 13 2.50 19.4 65.2
100 14 2.04 19.6 80.3
