transfert size : 20.0000000000 MB, iterations : 15, max bandwidths : arange(5, 101 ,5)
max_bw iter total_transfert time goodput
5 0 20146866 44.112385 3.6537
5 1 20899544 35.364328 4.7278
5 2 20899544 35.518701 4.7073
5 3 20899522 35.338268 4.7313
5 4 20899518 35.673178 4.6869
5 5 20899544 35.327438 4.7328
5 6 21077780 79.255427 2.1276
5 7 20899531 35.230292 4.7458
5 8 20899544 36.088450 4.6330
5 9 20963597 37.833578 4.4328
5 10 20899531 35.330297 4.7324
5 11 20899509 35.348082 4.7300
5 12 20899544 37.824506 4.4203
5 13 20899544 35.743306 4.6777
5 14 20899427 40.199871 4.1591
10 0 20899596 17.862200 9.3604
10 1 20899548 17.869689 9.3564
10 2 20899544 20.728076 8.0662
10 3 20899596 18.225388 9.1738
10 4 20899583 18.831534 8.8785
10 5 20930626 18.226163 9.1871
10 6 20898736 18.305447 9.1333
10 7 20899570 18.032073 9.2722
10 8 20899583 24.056262 6.9502
10 9 20899548 17.854105 9.3646
10 10 20899583 19.475851 8.5848
10 11 20899596 17.843388 9.3702
10 12 20899414 19.152245 8.7298
10 13 20899548 18.099926 9.2374
10 14 20899548 18.067236 9.2541
15 0 21274423 16.049825 10.6042
15 1 20899596 13.395876 12.4812
15 2 20900874 13.823149 12.0962
15 3 20899570 13.555649 12.3341
15 4 20899583 12.122783 13.7919
15 5 20900826 14.978360 11.1632
15 6 20899548 12.098744 13.8193
15 7 20900861 12.383124 13.5028
15 8 20898684 12.734994 13.1284
15 9 20900874 14.305287 11.6885
15 10 20899466 12.160150 13.7495
15 11 20899561 12.079505 13.8413
15 12 20899583 12.335632 13.5540
15 13 20899583 13.541513 12.3470
15 14 20899583 11.977410 13.9593
20 0 20899522 13.627812 12.2687
20 1 20900826 9.492312 17.6150
20 2 20900839 9.584129 17.4462
20 3 20900861 11.264272 14.8440
20 4 20900874 9.948234 16.8077
20 5 20899596 9.155658 18.2616
20 6 20899583 11.300437 14.7956
20 7 20900861 11.409805 14.6547
20 8 20719588 12.455692 13.3077
20 9 20900826 9.337374 17.9072
20 10 20914407 11.464738 14.5939
20 11 20914407 9.713297 17.2254
20 12 20900887 9.252732 18.0711
20 13 20979894 9.575463 17.5280
20 14 20899596 10.973609 15.2363
25 0 20899570 9.958880 16.7887
25 1 20914446 7.536956 22.1994
25 2 20914446 7.428892 22.5223
25 3 20899583 7.390887 22.6220
25 4 20899583 9.098780 18.3757
25 5 20899609 7.389746 22.6255
25 6 20900939 8.562867 19.5270
25 7 20900900 8.393219 19.9217
25 8 20914472 7.446413 22.4693
25 9 20344592 8.246388 19.7367
25 10 20899548 7.818878 21.3837
25 11 20900900 7.496837 22.3037
25 12 20899561 7.480661 22.3505
25 13 20899583 7.391838 22.6191
25 14 20914463 7.529734 22.2207
30 0 20899561 6.433541 25.9883
30 1 20898762 6.415962 26.0585
30 2 20914563 6.290161 26.5997
30 3 20899583 6.572093 25.4404
30 4 20899362 6.522577 25.6333
30 5 20899444 6.323627 26.4398
30 6 20899492 6.494540 25.7441
30 7 20899596 11.644152 14.3589
30 8 20914550 6.312201 26.5068
30 9 20914437 6.877698 24.3273
30 10 20899362 6.384789 26.1864
30 11 20899479 6.603033 25.3211
30 12 20819285 7.626729 21.8382
30 13 20914641 7.440318 22.4879
30 14 20899444 6.316635 26.4691
35 0 20899596 5.547759 30.1377
35 1 20899544 6.896736 24.2428
35 2 20899518 6.292516 26.5706
35 3 20899561 6.229248 26.8406
35 4 20899596 5.935224 28.1703
35 5 20900848 6.145231 27.2092
35 6 20899596 5.664395 29.5171
35 7 21749155 7.305357 23.8172
35 8 20914398 5.795005 28.8723
35 9 20914485 8.378371 19.9700
35 10 21012813 5.870527 28.6350
35 11 20914784 5.594037 29.9101
35 12 21421837 6.835806 25.0702
35 13 20914563 7.686156 21.7686
35 14 20899418 5.956111 28.0712
40 0 20901190 6.180775 27.0532
40 1 20637739 5.742586 28.7504
40 2 20898736 5.829085 28.6820
40 3 20914641 5.461343 30.6366
40 4 20898853 4.984741 33.5405
40 5 20914567 4.979891 33.5984
40 6 20898788 5.131825 32.5791
40 7 20899570 5.522812 30.2738
40 8 20914502 7.938364 21.0769
40 9 21061782 5.590338 30.1403
40 10 20898892 5.615651 29.7724
40 11 20980741 5.158142 32.5400
40 12 20898866 5.891804 28.3769
40 13 20914762 4.925350 33.9708
40 14 20899596 5.812978 28.7627
45 0 20898866 6.645045 25.1602
45 1 20898831 4.705313 35.5323
45 2 20898844 4.587308 36.4464
45 3 20899561 4.847955 34.4880
45 4 20899583 6.405283 26.1029
45 5 20899622 5.205390 32.1200
45 6 20899531 5.007904 33.3865
45 7 20996347 6.537574 25.6931
45 8 20914537 4.513553 37.0698
45 9 20899574 4.579074 36.5132
45 10 20899583 4.647916 35.9724
45 11 21013426 7.575435 22.1911
45 12 20963714 6.053023 27.7068
45 13 20898879 4.843746 34.5169
45 14 20898866 4.606898 36.2914
50 0 20899548 4.077432 41.0053
50 1 20914524 4.072936 41.0800
50 2 20899583 5.801164 28.8212
50 3 20915254 4.621710 36.2035
50 4 20899492 4.064893 41.1317
50 5 20899583 4.056340 41.2186
50 6 20898857 4.003373 41.7625
50 7 20899583 3.946473 42.3661
50 8 20914550 3.976914 42.0719
50 9 20899561 4.258917 39.2580
50 10 20899535 4.595588 36.3819
50 11 20311255 4.839534 33.5756
50 12 20899548 4.105321 40.7268
50 13 20899570 5.950092 28.0998
50 14 20899596 4.639419 36.0383
55 0 20899548 4.650276 35.9541
55 1 20914537 3.720677 44.9693
55 2 20914537 4.054395 41.2679
55 3 20899570 6.650272 25.1413
55 4 20914563 4.154397 40.2746
55 5 20899596 3.722427 44.9161
55 6 20914745 4.700834 35.5933
55 7 20898892 3.677593 45.4621
55 8 20899574 4.842628 34.5260
55 9 20899570 4.440993 37.6485
55 10 20899596 3.955981 42.2643
55 11 20914524 3.776749 44.3016
55 12 20898879 4.003762 41.7585
55 13 20899505 4.564024 36.6335
55 14 20899466 4.268346 39.1711
60 0 20914602 4.391878 38.0969
60 1 21911876 4.769218 36.7555
60 2 20901030 4.884050 34.2356
60 3 20914745 5.541447 30.1939
60 4 20899561 3.776872 44.2685
60 5 20901004 4.554249 36.7147
60 6 20931642 3.466415 48.3073
60 7 20898918 3.487784 47.9363
60 8 20899548 3.614622 46.2556
60 9 20914537 3.474967 48.1490
60 10 20898831 3.592205 46.5426
60 11 20996607 3.756925 44.7102
60 12 20914537 3.479953 48.0800
60 13 20914567 5.164030 32.4004
60 14 20914498 3.582077 46.7092
65 0 20964392 3.277300 51.1748
65 1 20914602 3.836651 43.6101
65 2 20915267 4.146103 40.3565
65 3 20898931 4.365999 38.2940
65 4 20899609 3.838790 43.5546
65 5 20900965 3.647074 45.8471
65 6 20899544 3.732523 44.7945
65 7 20899009 3.613604 46.2674
65 8 20898996 3.257334 51.3279
65 9 20899466 4.201734 39.7921
65 10 20914541 4.494499 37.2269
65 11 20899557 5.134484 32.5634
65 12 20914641 3.333993 50.1852
65 13 20914654 4.396958 38.0530
65 14 20914628 4.504442 37.1449
70 0 20899009 3.407099 49.0717
70 1 20900378 3.532913 47.3272
70 2 20899544 4.036628 41.4198
70 3 20914654 3.254548 51.4103
70 4 20914628 3.994022 41.8919
70 5 20914680 3.630457 46.0872
70 6 20914645 3.582059 46.7098
70 7 20914628 3.424894 48.8532
70 8 20899022 4.707325 35.5174
70 9 20947495 5.980425 28.0214
70 10 21453844 5.586949 30.7199
70 11 21143709 3.606019 46.9076
70 12 21944591 4.717416 37.2146
70 13 20914632 3.039762 55.0428
70 14 20914680 2.945391 56.8065
75 0 20900939 4.225249 39.5734
75 1 20964457 3.730811 44.9542
75 2 20899479 3.416011 48.9448
75 3 20898961 3.693238 45.2697
75 4 20900417 3.218819 51.9456
75 5 20899009 3.300019 50.6640
75 6 20899691 2.737698 61.0723
75 7 20899492 5.121873 32.6435
75 8 20914667 2.820578 59.3202
75 9 20914693 2.852646 58.6535
75 10 20900861 5.245517 31.8762
75 11 20965126 2.934225 57.1602
75 12 20898905 4.356193 38.3801
75 13 20898983 3.095982 54.0029
75 14 20914667 3.735563 44.7904
80 0 20914645 6.225025 26.8782
80 1 20981523 2.754240 60.9432
80 2 20899713 3.970636 42.1085
80 3 21928238 3.998054 43.8778
80 4 20898905 3.219302 51.9340
80 5 20899022 3.063803 54.5701
80 6 20914645 6.054425 27.6355
80 7 20901004 3.113176 53.7098
80 8 20914693 2.729544 61.2987
80 9 20899726 2.740394 61.0123
80 10 20898987 3.013781 55.4758
80 11 20898987 3.070375 54.4532
80 12 20899561 3.208090 52.1171
80 13 20914719 3.019656 55.4095
80 14 20914615 5.031072 33.2567
85 0 20914680 2.662651 62.8387
85 1 20914706 3.543829 47.2138
85 2 20914693 2.609196 64.1261
85 3 20902490 2.839766 58.8851
85 4 20965200 3.732763 44.9323
85 5 20898840 2.966267 56.3640
85 6 20900913 3.002512 55.6891
85 7 20899557 5.719972 29.2303
85 8 20914667 2.790159 59.9670
85 9 20914632 2.802446 59.7039
85 10 20900248 5.992827 27.9004
85 11 20914732 2.931669 57.0726
85 12 20914719 2.729097 61.3088
85 13 20914576 3.120230 53.6232
85 14 20902620 2.775132 60.2569
90 0 20899000 2.528955 66.1111
90 1 20899022 2.586927 64.6296
90 2 20980832 2.596693 64.6386
90 3 20899479 3.633083 46.0204
90 4 20914697 3.315355 50.4675
90 5 21094740 3.214409 52.5005
90 6 20899687 2.992158 55.8786
90 7 20899548 2.910479 57.4463
90 8 20899648 3.039074 55.0158
90 9 20914671 2.485978 67.3044
90 10 20899509 2.726359 61.3258
90 11 20914667 3.664979 45.6530
90 12 20914680 2.486930 67.2787
90 13 20981601 2.803772 59.8668
90 14 20900447 2.803522 59.6405
95 0 20899000 2.391904 69.8991
95 1 20965070 2.549901 65.7753
95 2 20899013 2.589179 64.5734
95 3 20914836 3.779567 44.2693
95 4 20914658 2.376144 70.4155
95 5 21242232 2.355277 72.1520
95 6 20914710 2.426060 68.9668
95 7 20914645 2.340135 71.4989
95 8 20899752 2.464027 67.8556
95 9 20914667 2.600451 64.3417
95 10 20914758 2.388359 70.0557
95 11 20392400 3.237581 50.3892
95 12 20899609 2.552853 65.4941
95 13 20948803 2.415703 69.3754
95 14 20914693 4.719675 35.4511
100 0 20948864 3.589411 46.6904
100 1 20899052 2.804182 59.6225
100 2 20981601 2.311079 72.6296
100 3 20931107 2.672858 62.6479
100 4 20899596 2.780750 60.1265
100 5 20914589 3.919258 42.6909
100 6 20914732 2.264519 73.8867
100 7 20931120 4.776280 35.0584
100 8 20899035 3.314709 50.4395
100 9 20899570 6.593287 25.3586
100 10 20981553 2.365175 70.9683
100 11 20914710 2.292671 72.9794
100 12 20914758 2.213934 75.5750
100 13 20899600 4.719134 35.4296
100 14 20931094 4.535876 36.9165
