Transfert size : 10.000000, handle bandwidth : 20.0000000000 Mbits/sec, bandwidth of top link : 5.0000000000 Mbits/sec, bandwidth of bot link : 5.0000000000 Mbits/sec, handle delay : 35.000000 ms, top delay : 35.000000 ms, considered bot delay ratios relative to top delay : np.arange(0.200000, 3.100000, 0.200000) iterations : 30
ratio iter total_transfert time goodput
0.200 0 17766782 16.410505 8.6612
0.200 1 11456561 12.750573 7.1881
0.200 2 11474617 11.681188 7.8585
0.200 3 17751889 18.442638 7.7004
0.200 4 10837660 15.005246 5.7781
0.200 5 10541944 14.640650 5.7604
0.200 6 13679085 13.511702 8.0991
0.200 7 13549675 16.316767 6.6433
0.200 8 10625153 14.286863 5.9496
0.200 9 13549705 14.247739 7.6081
0.200 10 11471688 13.370074 6.8641
0.200 11 13549736 14.601821 7.4236
0.200 12 11474552 11.908056 7.7088
0.200 13 10672658 20.285005 4.2091
0.200 14 11897113 13.281783 7.1660
0.200 15 11311010 11.912296 7.5962
0.200 16 15657566 15.242582 8.2178
0.200 17 11488085 13.215877 6.9541
0.200 18 10067437 15.105292 5.3319
0.200 19 11471480 12.775412 7.1835
0.200 20 10411065 14.240514 5.8487
0.200 21 10429587 17.508839 4.7654
0.200 22 10427375 13.680781 6.0975
0.200 23 10329372 13.643132 6.0569
0.200 24 10102904 19.365850 4.1735
0.200 25 10443811 18.122976 4.6102
0.200 26 10443885 18.426023 4.5344
0.200 27 10428887 18.858486 4.4241
0.200 28 11471649 11.768948 7.7979
0.200 29 13562996 15.510974 6.9953
0.400 0 10116510 16.641048 4.8634
0.400 1 10430278 21.078636 3.9586
0.400 2 10638638 17.813628 4.7778
0.400 3 13564448 12.705927 8.5405
0.400 4 10428818 11.970743 6.9695
0.400 5 15656119 15.504163 8.0784
0.400 6 10738266 18.099930 4.7462
0.400 7 16981393 16.357431 8.3052
0.400 8 17749060 16.486954 8.6124
0.400 9 11473096 11.293855 8.1270
0.400 10 11474582 11.732005 7.8245
0.400 11 11473122 12.405461 7.3988
0.400 12 13549727 14.276361 7.5928
0.400 13 10427423 13.238564 6.3012
0.400 14 10425980 16.200010 5.1486
0.400 15 10654661 18.299116 4.6580
0.400 16 15656110 15.680656 7.9875
0.400 17 10428818 11.611305 7.1853
0.400 18 10201236 15.168455 5.3802
0.400 19 10524148 17.537333 4.8008
0.400 20 11459563 13.600429 6.7407
0.400 21 10409566 11.306573 7.3653
0.400 22 11471779 14.841197 6.1837
0.400 23 17751301 21.334700 6.6563
0.400 24 17763962 24.387297 5.8273
0.400 25 17763785 16.885558 8.4161
0.400 26 11473131 11.156688 8.2269
0.400 27 10443737 13.334183 6.2658
0.400 28 11474656 11.482089 7.9948
0.400 29 10411052 14.645662 5.6869
0.600 0 10330728 17.673761 4.6762
0.600 1 11474526 11.089276 8.2779
0.600 2 12634876 13.865451 7.2900
0.600 3 11458207 11.480797 7.9843
0.600 4 10411078 16.190049 5.1444
0.600 5 10428770 12.066825 6.9140
0.600 6 13579635 13.224878 8.2146
0.600 7 10411000 17.064744 4.8807
0.600 8 10442355 12.939171 6.4563
0.600 9 11489432 11.335683 8.1085
0.600 10 11457641 13.625590 6.7271
0.600 11 10443824 11.880301 7.0327
0.600 12 11473135 14.851463 6.1802
0.600 13 11473135 12.103756 7.5832
0.600 14 11474539 11.347386 8.0896
0.600 15 15837604 17.021301 7.4437
0.600 16 17162770 18.313093 7.4975
0.600 17 11473109 12.876149 7.1283
0.600 18 11474569 10.739108 8.5479
0.600 19 10250209 18.006619 4.5540
0.600 20 13549109 16.604429 6.5279
0.600 21 10427349 12.473155 6.6879
0.600 22 11521965 12.812428 7.1942
0.600 23 12423574 13.855426 7.1733
0.600 24 11474569 10.965388 8.3715
0.600 25 11016181 15.860306 5.5566
0.600 26 10442351 14.735226 5.6693
0.600 27 11473105 13.188090 6.9597
0.600 28 11473135 10.744447 8.5426
0.600 29 11473122 12.022531 7.6344
0.800 0 11458194 12.435049 7.3715
0.800 1 10787365 14.111137 6.1157
0.800 2 14709943 14.652262 8.0315
0.800 3 10232526 19.882714 4.1172
0.800 4 10473606 19.560479 4.2836
0.800 5 15671038 20.100264 6.2371
0.800 6 10425954 14.725798 5.6640
0.800 7 11458168 15.153662 6.0491
0.800 8 10707024 19.439125 4.4064
0.800 9 10671406 14.333623 5.9560
0.800 10 10429565 17.041891 4.8960
0.800 11 10425989 17.245193 4.8366
0.800 12 10428770 11.241719 7.4215
0.800 13 11261850 13.183090 6.8341
0.800 14 11474465 11.024898 8.3262
0.800 15 11426666 11.369985 8.0399
0.800 16 11474565 10.957275 8.3777
0.800 17 10430356 22.180293 3.7620
0.800 18 10428757 11.568394 7.2119
0.800 19 13579553 13.424797 8.0922
0.800 20 11458246 15.273334 6.0017
0.800 21 10427349 18.906316 4.4122
0.800 22 10394025 24.855197 3.3455
0.800 23 10409618 15.554971 5.3537
0.800 24 11473131 10.974199 8.3637
0.800 25 15644050 16.588043 7.5447
0.800 26 10866494 20.943492 4.1508
0.800 27 13580965 14.688769 7.3967
0.800 28 10625227 18.917642 4.4933
0.800 29 15769193 16.432061 7.6773
1.000 0 10427206 18.009822 4.6318
1.000 1 10574646 18.410393 4.5951
1.000 2 10687781 10.569917 8.0892
1.000 3 11473183 11.041896 8.3125
1.000 4 10541635 15.509844 5.4374
1.000 5 10428883 19.098955 4.3684
1.000 6 13106480 12.353434 8.4877
1.000 7 10266558 14.371829 5.7148
1.000 8 10426015 15.979879 5.2196
1.000 9 11050661 19.712389 4.4848
1.000 10 16996152 18.046332 7.5345
1.000 11 10443750 14.492165 5.7652
1.000 12 11489471 12.976510 7.0832
1.000 13 10525625 16.165713 5.2089
1.000 14 10429600 16.414324 5.0832
1.000 15 11898482 12.488467 7.6221
1.000 16 11473148 12.385493 7.4107
1.000 17 10885137 13.139688 6.6273
1.000 18 13564625 16.501363 6.5762
1.000 19 10346973 16.919192 4.8924
1.000 20 10510311 13.286235 6.3285
1.000 21 11471701 13.541956 6.7770
1.000 22 10427466 14.858900 5.6141
1.000 23 11850618 13.332696 7.1107
1.000 24 10443672 11.070127 7.5473
1.000 25 13549688 14.220285 7.6227
1.000 26 16472824 18.011829 7.3164
1.000 27 10967291 16.927617 5.1831
1.000 28 11473096 10.982725 8.3572
1.000 29 11474582 10.747946 8.5409
1.200 0 10605975 14.948515 5.6760
1.200 1 10394638 18.931273 4.3926
1.200 2 10297896 13.438807 6.1302
1.200 3 11458255 12.421629 7.3796
1.200 4 11458246 15.598800 5.8765
1.200 5 10491085 15.732677 5.3347
1.200 6 10117802 18.811237 4.3029
1.200 7 11456808 12.453548 7.3597
1.200 8 13563234 14.253841 7.6124
1.200 9 11471688 13.224912 6.9394
1.200 10 10428157 17.531245 4.7587
1.200 11 10558384 19.540726 4.3226
1.200 12 12274817 12.494417 7.8594
1.200 13 10836551 11.209223 7.7340
1.200 14 11473148 16.495062 5.5644
1.200 15 13579592 13.948098 7.7886
1.200 16 10443841 11.094036 7.5311
1.200 17 11471775 13.908003 6.5987
1.200 18 10525299 19.741662 4.2652
1.200 19 10653775 18.618295 4.5778
1.200 20 10428831 13.464225 6.1965
1.200 21 11471736 15.042060 6.1012
1.200 22 13564677 14.197367 7.6435
1.200 23 11474660 10.750729 8.5387
1.200 24 10429639 16.389916 5.0908
1.200 25 10770721 19.617304 4.3923
1.200 26 10426736 16.203705 5.1478
1.200 27 11456760 12.446257 7.3640
1.200 28 20230417 20.115724 8.0456
1.200 29 11471736 12.952739 7.0853
1.400 0 10412473 16.716275 4.9832
1.400 1 10314284 11.803249 6.9908
1.400 2 10411091 16.162969 5.1531
1.400 3 10410709 16.422142 5.0715
1.400 4 10425924 11.977829 6.9635
1.400 5 10457387 20.444088 4.0921
1.400 6 10674053 20.162892 4.2351
1.400 7 11440346 13.065334 7.0050
1.400 8 10429578 16.325273 5.1109
1.400 9 13776878 16.570418 6.6513
1.400 10 17747587 18.905671 7.5100
1.400 11 15657492 15.535254 8.0629
1.400 12 10510758 18.934233 4.4410
1.400 13 10098701 20.009877 4.0375
1.400 14 11456782 10.973513 8.3523
1.400 15 11474608 11.040515 8.3145
1.400 16 11471727 11.002350 8.3413
1.400 17 11474461 12.415709 7.3935
1.400 18 10427089 16.546176 5.0414
1.400 19 10852874 15.802240 5.4943
1.400 20 11473083 11.050318 8.3061
1.400 21 11114679 12.507717 7.1090
1.400 22 11456773 10.771026 8.5093
1.400 23 13566111 17.065778 6.3594
1.400 24 10427358 13.846559 6.0245
1.400 25 11620380 11.307850 8.2211
1.400 26 11474617 11.587742 7.9219
1.400 27 13500615 14.858646 7.2688
1.400 28 10299434 21.380132 3.8538
1.400 29 19911660 20.273947 7.8570
1.600 0 12828322 15.775312 6.5055
1.600 1 10443785 13.582451 6.1513
1.600 2 10425707 16.342078 5.1037
1.600 3 12683862 15.400291 6.5889
1.600 4 10184813 17.079983 4.7704
1.600 5 10428179 16.427997 5.0782
1.600 6 11474530 10.787581 8.5094
1.600 7 11569938 15.122660 6.1206
1.600 8 11473083 10.905151 8.4166
1.600 9 10607470 16.146210 5.2557
1.600 10 10412460 11.248089 7.4057
1.600 11 10016573 19.580801 4.0924
1.600 12 10459939 12.725482 6.5757
1.600 13 11471766 12.679233 7.2381
1.600 14 11081864 11.595222 7.6458
1.600 15 11458034 14.292843 6.4133
1.600 16 10446597 20.215544 4.1341
1.600 17 10445293 18.771605 4.4515
1.600 18 10460147 17.578242 4.7605
1.600 19 11471701 13.222019 6.9410
1.600 20 10427423 14.527960 5.7420
1.600 21 12713775 13.800123 7.3702
1.600 22 10425902 14.282504 5.8398
1.600 23 10442290 13.352524 6.2564
1.600 24 15644037 18.422244 6.7935
1.600 25 13564373 14.603229 7.4309
1.600 26 11458155 12.680295 7.2290
1.600 27 11474556 11.318730 8.1101
1.600 28 10412456 15.291752 5.4474
1.600 29 10410766 15.468920 5.3841
1.800 0 10934597 13.910230 6.2887
1.800 1 11488111 12.840627 7.1574
1.800 2 11471840 12.342483 7.4357
1.800 3 10429591 17.985254 4.6392
1.800 4 11489406 13.194211 6.9663
1.800 5 10429552 17.046867 4.8945
1.800 6 13564564 15.302182 7.0916
1.800 7 11473109 10.798039 8.5001
1.800 8 10379463 15.568344 5.3336
1.800 9 11474452 13.869567 6.6185
1.800 10 10394738 15.979921 5.2039
1.800 11 11473148 11.196373 8.1978
1.800 12 13566050 15.273328 7.1057
1.800 13 10360167 17.577101 4.7153
1.800 14 13549306 17.906568 6.0533
1.800 15 15658874 15.706829 7.9756
1.800 16 13549437 15.206002 7.1285
1.800 17 11474552 14.527565 6.3188
1.800 18 10034696 11.749984 6.8321
1.800 19 11474604 11.583028 7.9251
1.800 20 11474617 12.615090 7.2768
1.800 21 11521615 14.299433 6.4459
1.800 22 11473057 11.524467 7.9643
1.800 23 10263820 20.739715 3.9591
1.800 24 11456351 14.517312 6.3132
1.800 25 10428105 17.315633 4.8179
1.800 26 10983670 16.781953 5.2359
1.800 27 11471367 11.351903 8.0842
1.800 28 15640939 18.720481 6.6840
1.800 29 12288389 14.623619 6.7225
2.000 0 13564612 14.815394 7.3246
2.000 1 11668058 16.742808 5.5752
2.000 2 10608618 21.624311 3.9247
2.000 3 11473083 11.616780 7.9010
2.000 4 10411078 18.623934 4.4721
2.000 5 10425794 21.358510 3.9051
2.000 6 10915545 20.050186 4.3553
2.000 7 13662801 14.375947 7.6031
2.000 8 10476253 13.663342 6.1339
2.000 9 10851022 18.902078 4.5925
2.000 10 10410556 14.849606 5.6085
2.000 11 10445158 18.331923 4.5582
2.000 12 13565799 13.347961 8.1306
2.000 13 11065532 14.596252 6.0649
2.000 14 10443763 18.302519 4.5650
2.000 15 11488037 13.663964 6.7260
2.000 16 11456799 12.504721 7.3296
2.000 17 10411039 18.119499 4.5966
2.000 18 12289449 15.992980 6.1474
2.000 19 10443750 14.590167 5.7265
2.000 20 10964531 20.231761 4.3356
2.000 21 10980854 13.149203 6.6808
2.000 22 12714974 14.323372 7.1017
2.000 23 15658900 19.289370 6.4943
2.000 24 10428770 11.853931 7.0382
2.000 25 19843413 18.142809 8.7499
2.000 26 11489497 11.571658 7.9432
2.000 27 17751880 16.840568 8.4329
2.000 28 10460060 12.993183 6.4403
2.000 29 10427414 12.439975 6.7057
2.200 0 10346334 19.645140 4.2133
2.200 1 11473157 12.567523 7.3034
2.200 2 10425963 11.583168 7.2008
2.200 3 10410074 14.899762 5.5894
2.200 4 10410713 13.554715 6.1444
2.200 5 10948195 17.145802 5.1083
2.200 6 15951265 19.012893 6.7118
2.200 7 13580974 14.310915 7.5920
2.200 8 13549736 15.178625 7.1415
2.200 9 11651235 16.797611 5.5490
2.200 10 10003384 14.127655 5.6646
2.200 11 10425928 16.370353 5.0950
2.200 12 11504464 15.060679 6.1110
2.200 13 11473096 11.570853 7.9324
2.200 14 10428040 17.403925 4.7934
2.200 15 11456548 14.084207 6.5075
2.200 16 10477947 14.691177 5.7057
2.200 17 11618773 11.953672 7.7759
2.200 18 10429578 17.909999 4.6587
2.200 19 11488124 13.341742 6.8885
2.200 20 10428870 16.500217 5.0564
2.200 21 13564564 13.424728 8.0833
2.200 22 13579644 15.300301 7.1003
2.200 23 10884125 13.104328 6.6446
2.200 24 10427401 11.149291 7.4820
2.200 25 11749634 15.655438 6.0041
2.200 26 13533261 16.967842 6.3807
2.200 27 11488024 11.234350 8.1806
2.200 28 11586287 14.010420 6.6158
2.200 29 10410991 17.455564 4.7714
2.400 0 11864376 13.801068 6.8774
2.400 1 11702229 14.423314 6.4907
2.400 2 13564629 19.573259 5.5441
2.400 3 10426002 16.077751 5.1878
2.400 4 11457916 12.845139 7.1360
2.400 5 11474569 11.788578 7.7869
2.400 6 10051101 12.235090 6.5720
2.400 7 11456425 13.351879 6.8643
2.400 8 10411100 14.492387 5.7471
2.400 9 11473135 10.801133 8.4977
2.400 10 11163561 11.649754 7.6661
2.400 11 10442381 15.541680 5.3752
2.400 12 13564629 14.304367 7.5863
2.400 13 10100161 13.241419 6.1022
2.400 14 10247480 15.124546 5.4203
2.400 15 10409566 12.824328 6.4936
2.400 16 10459790 14.245084 5.8742
2.400 17 11471488 14.537566 6.3127
2.400 18 10410974 12.413916 6.7092
2.400 19 10250352 19.269249 4.2556
2.400 20 10412408 12.615530 6.6029
2.400 21 13598783 14.764432 7.3684
2.400 22 10330637 12.736410 6.4889
2.400 23 10430334 11.595710 7.1960
2.400 24 10410748 15.923290 5.2305
2.400 25 18468846 18.016694 8.2008
2.400 26 17750446 16.692429 8.5071
2.400 27 10425902 13.112222 6.3610
2.400 28 10430282 11.709104 7.1263
2.400 29 10410687 15.776153 5.2792
2.600 0 11895757 16.496382 5.7689
2.600 1 11457995 13.408980 6.8360
2.600 2 11458047 16.754625 5.4710
2.600 3 15803329 17.849272 7.0830
2.600 4 10428779 11.354043 7.3481
2.600 5 11114592 13.382466 6.6443
2.600 6 11439897 13.656935 6.7013
2.600 7 10721965 18.640756 4.6015
2.600 8 10086394 14.915239 5.4100
2.600 9 11456447 13.202748 6.9419
2.600 10 11487707 12.850022 7.1519
2.600 11 10411087 13.943396 5.9733
2.600 12 10672844 23.533596 3.6281
2.600 13 13565981 13.162399 8.2453
2.600 14 10428835 19.560351 4.2653
2.600 15 18354315 17.598359 8.3436
2.600 16 10411013 12.761449 6.5265
2.600 17 15656084 16.351133 7.6599
2.600 18 11473109 10.768262 8.5236
2.600 19 10411052 16.687590 4.9910
2.600 20 10429552 17.668364 4.7224
2.600 21 10427336 12.566846 6.6380
2.600 22 12388025 14.827836 6.6837
2.600 23 11473096 11.110066 8.2614
2.600 24 10429991 19.454267 4.2890
2.600 25 10051536 19.473904 4.1292
2.600 26 11473096 12.603403 7.2825
2.600 27 11472958 12.600246 7.2843
2.600 28 13564264 15.115673 7.1789
2.600 29 10428796 11.585876 7.2010
2.800 0 10281469 12.397914 6.6343
2.800 1 10426749 16.162560 5.1609
2.800 2 10638712 17.976672 4.7345
2.800 3 10445306 18.208482 4.5892
2.800 4 11473096 11.677169 7.8602
2.800 5 10429669 16.823325 4.9596
2.800 6 10671397 10.904535 7.8290
2.800 7 10411000 12.442286 6.6939
2.800 8 11473122 11.498739 7.9822
2.800 9 10443837 11.172961 7.4779
2.800 10 11458242 12.513371 7.3254
2.800 11 11474591 11.993079 7.6541
2.800 12 10425838 12.856382 6.4876
2.800 13 10413599 16.854572 4.9428
2.800 14 15656119 15.037207 8.3293
2.800 15 11440164 12.884518 7.1032
2.800 16 13107897 16.143470 6.4957
2.800 17 11488141 11.144791 8.2465
2.800 18 10410853 16.826273 4.9498
2.800 19 10425941 15.046615 5.5433
2.800 20 10412499 18.340169 4.5419
2.800 21 11471541 12.562563 7.3052
2.800 22 11440411 12.504778 7.3191
2.800 23 10410948 13.129631 6.3435
2.800 24 10443789 18.692456 4.4697
2.800 25 11459624 14.366409 6.3813
2.800 26 13564573 14.559555 7.4533
2.800 27 13009812 16.470204 6.3192
2.800 28 13091548 16.190505 6.4688
2.800 29 14431837 15.302190 7.5450
3.000 0 11456773 11.351504 8.0742
3.000 1 10706924 14.424349 5.9383
3.000 2 10591069 17.832443 4.7514
3.000 3 10312629 13.536151 6.0949
3.000 4 15639796 14.919324 8.3863
3.000 5 15657609 20.321119 6.1641
3.000 6 11456734 12.397619 7.3929
3.000 7 10918018 16.716035 5.2252
3.000 8 10427349 17.368216 4.8030
3.000 9 10443603 16.334832 5.1148
3.000 10 10428896 18.638969 4.4762
3.000 11 13776773 17.885367 6.1623
3.000 12 11522230 13.604698 6.7754
3.000 13 11471519 14.910309 6.1549
3.000 14 13238719 16.296444 6.4989
3.000 15 10624854 12.327202 6.8952
3.000 16 10525409 17.145040 4.9112
3.000 17 17751828 18.733879 7.5806
3.000 18 10246949 14.669219 5.5883
3.000 19 11459302 18.262007 5.0200
3.000 20 10396033 14.610721 5.6923
3.000 21 11473122 11.872685 7.7308
3.000 22 11537227 11.397031 8.0984
3.000 23 10428848 14.327864 5.8230
3.000 24 11014982 12.876686 6.8434
3.000 25 10410831 13.566776 6.1390
3.000 26 10426050 17.058722 4.8895
3.000 27 10428783 15.912045 5.2432
3.000 28 10425453 18.345343 4.5463
3.000 29 10558094 11.720254 7.2067
